Run semi-empirical minimization
 &qmmm
    qm_theory='AM1', grms_tol=0.0005,
 scfconv=1.d-10, ndiis_attempts=700,   qmcharge=0,
 /
   6     C       -0.0430       -1.4570       -0.2260 
   6    C1        1.2400       -0.7660        0.2260 
   6    C2       -1.2840       -0.6910        0.2260 
   6    C3        1.2840        0.6910       -0.2260 
   6    C4       -1.2400        0.7660       -0.2260 
   6    C5        0.0430        1.4570        0.2260 
   1     H       -0.0460       -1.5420       -1.3190 
   1    H1       -0.0740       -2.4770        0.1740 
   1    H2        1.3130       -0.8110        1.3190 
   1    H3        2.1080       -1.3030       -0.1740 
   1    H4       -2.1820       -1.1750       -0.1740 
   1    H5       -1.3590       -0.7310        1.3190 
   1    H6        2.1820        1.1750        0.1740 
   1    H7        1.3590        0.7320       -1.3190 
   1    H8       -1.3130        0.8110       -1.3190 
   1    H9       -2.1080        1.3020        0.1740 
   1   H10        0.0460        1.5420        1.3190 
   1   H11        0.0740        2.4770       -0.1740 

